#' Advent of Code 2021 solutions
#' @export
aoc_solutions <- list(
  day01a = 1167,
  day01b = 1130,
  day02a = 2019945,
  day02b = 1599311480,
  day03a = 749376,
  day03b = 2372923,
  day04a = 11536,
  day04b = 1284,
  day05a = 6005,
  day05b = 23864,
  day06a = 363101,
  day06b = 1644286074024,
  day07a = 339321,
  day07b = 95476244,
  day08a = 301,
  day08b = 908067,
  day09a = NA,
  day09b = NA,
  day10a = NA,
  day10b = NA,
  day11a = NA,
  day11b = NA,
  day12a = NA,
  day12b = NA,
  day13a = NA,
  day13b = NA,
  day14a = NA,
  day14b = NA,
  day15a = NA,
  day15b = NA,
  day16a = NA,
  day16b = NA,
  day17a = NA,
  day17b = NA,
  day18a = NA,
  day18b = NA,
  day19a = NA,
  day19b = NA,
  day20a = NA,
  day20b = NA,
  day21a = NA,
  day21b = NA,
  day22a = NA,
  day22b = NA,
  day23a = NA,
  day23b = NA,
  day24a = NA,
  day24b = NA,
  day25a = NA,
  day25b = NA
)
